[[   -2.36,    0.  ,    0.  ,    0.  ,    0.  ,    0.  ,    0.  ,    0.  ,
      0.  ,    0.  ,    0.  , -323.41,    0.  ,    0.  ,    0.  ,    0.  ,
      0.  ,  196.35,    0.  ,    0.  ,    0.  ,    0.  , -156.3 ,    0.  ,
      0.  ],
 [   -0.  ,    0.  ,    0.  ,    0.  ,    0.  , -132.91, -132.56,-2348.56,
      0.  ,    0.  ,    0.  ,    0.  ,    0.  ,  301.73,  436.16,    0.  ,
      0.  ,    0.  ,    0.  ,    0.  ,    0.  ,    0.  ,    0.  ,    0.  ,
    385.06],
 [   -0.  ,    0.  ,    0.  ,    0.  ,    0.  ,    0.  ,    0.  ,    0.  ,
      0.  ,    0.  ,-3166.56,    0.  ,    0.  ,    0.  ,    0.  ,  383.12,
      0.  ,    0.  ,  -57.1 ,    0.  ,    0.  ,    0.  ,    0.  ,    0.  ,
      0.  ],
 [   -0.  ,    0.  ,    0.  ,    0.  ,    0.  ,    0.  ,    0.  ,    0.  ,
      0.  ,    0.  ,    0.  ,  -31.5 ,    0.  ,    0.  ,    0.  ,    0.  ,
    285.94,    0.  ,    0.  ,    0.  ,    0.  ,  -69.19,  101.86,    0.  ,
      0.  ],
 [   -0.  ,    0.  ,    0.  ,    0.  ,    0.  ,    0.  ,    0.  ,    0.  ,
      0.  ,    0.  ,    0.  ,    0.  ,   62.3 ,    0.  ,    0.  ,    0.  ,
      0.  ,  101.26,    0.  ,    0.  ,    0.  ,    0.  , -108.82,    0.  ,
      0.  ],
 [   -0.  ,  132.96,    0.  ,    0.  ,    0.  ,    0.  ,    0.  ,-2215.78,
      0.  ,    0.  ,-3074.94,    0.  ,    0.  ,    0.  , -584.67,    0.  ,
      0.  ,    0.  ,    0.  ,    0.  ,    0.  ,    0.  ,    0.  ,    0.  ,
      0.  ],
 [   -0.  ,  132.64,    0.  ,    0.  ,    0.  ,    0.  ,    0.  ,-2216.1 ,
      0.  ,    0.  ,    0.  ,    0.  ,    0.  ,    0.  ,    0.  ,    0.  ,
      0.  ,    0.  ,    0.  , -632.85,    0.  ,    0.  ,    0.  ,  350.17,
      0.  ],
 [   -0.  , 2353.71,    0.  ,    0.  ,    0.  , 2220.63, 2220.98,    0.  ,
   1676.68,    0.  , -854.19,    0.  ,    0.  ,    0.  ,    0.  , 2501.88,
      0.  ,    0.  , 2255.28, 1588.23,    0.  ,    0.  ,    0.  ,    0.  ,
      0.  ],
 [   -0.  ,    0.  ,    0.  ,    0.  ,    0.  ,    0.  ,    0.  ,-1739.56,
      0.  ,    0.  ,    0.  ,    0.  ,    0.  ,    0.  ,    0.  ,    0.  ,
      0.  ,    0.  ,    0.  ,    0.  ,    0.  ,    0.  ,    0.  ,    0.  ,
      0.  ],
 [    0.  ,    0.  ,    0.  ,    0.  ,    0.  ,    0.  ,    0.  ,    0.  ,
      0.  ,    0.  ,-2352.08,    0.  ,    0.  ,    0.  ,    0.  ,    0.  ,
      0.  ,    0.  ,    0.  ,    0.  , 1040.23,    0.  ,    0.  ,    0.  ,
      0.  ],
 [   -0.  ,    0.  , 3166.41,    0.  ,    0.  , 3074.7 ,    0.  ,  859.04,
      0.  , 2352.05,    0.  ,    0.  ,    0.  ,    0.  , 2490.16,    0.  ,
      0.  ,    0.  ,    0.  ,    0.  ,    0.  ,    0.  ,    0.  ,    0.  ,
      0.  ],
 [  321.22,    0.  ,    0.  ,   31.57,    0.  ,    0.  ,    0.  ,    0.  ,
      0.  ,    0.  ,    0.  ,    0.  ,    0.  ,    0.  ,    0.  ,    0.  ,
    317.62,    0.  ,    0.  ,    0.  ,    0.  ,    0.  ,    0.  ,    0.  ,
      0.  ],
 [   -0.  ,    0.  ,    0.  ,    0.  ,  -62.23,    0.  ,    0.  ,    0.  ,
      0.  ,    0.  ,    0.  ,    0.  ,    0.  , -120.21,    0.  ,    0.  ,
      0.  ,    0.  ,    0.  ,    0.  ,    0.  ,    0.  , -171.25,    0.  ,
    -36.88],
 [   -0.  , -301.65,    0.  ,    0.  ,    0.  ,    0.  ,    0.  ,    0.  ,
      0.  ,    0.  ,    0.  ,    0.  ,  119.98,    0.  ,    0.  ,    0.  ,
      0.  ,    0.  ,    0.  ,    0.  ,    0.  , -222.2 ,  -51.14,  -84.12,
      0.  ],
 [    0.  , -444.43,    0.  ,    0.  ,    0.  ,  585.5 ,    0.  ,    0.  ,
      0.  ,    0.  ,-2489.32,    0.  ,    0.  ,    0.  ,    0.  ,    0.  ,
      0.  ,    0.  ,    0.  ,    0.  ,    0.  ,    0.  ,    0.  ,    0.  ,
    946.01],
 [   -0.  ,    0.  , -379.65,    0.  ,    0.  ,    0.  ,    0.  ,-2590.57,
      0.  ,    0.  ,    0.  ,    0.  ,    0.  ,    0.  ,    0.  ,    0.  ,
      0.  ,    0.  ,    0.  ,    0.  ,    0.  ,    0.  ,    0.  ,    0.  ,
      0.  ],
 [   -0.  ,    0.  ,    0.  , -286.15,    0.  ,    0.  ,    0.  ,    0.  ,
      0.  ,    0.  ,    0.  , -317.55,    0.  ,    0.  ,    0.  ,    0.  ,
      0.  ,    0.  ,    0.  ,    0.  ,    0.  ,    0.  , -184.19,    0.  ,
      0.  ],
 [   27.96,    0.  ,    0.  ,    0.  , -109.49,    0.  ,    0.  ,    0.  ,
      0.  ,    0.  ,    0.  ,    0.  ,    0.  ,    0.  ,    0.  ,    0.  ,
      0.  ,    0.  ,    0.  ,    0.  ,    0.  ,    0.  , -218.51,    0.  ,
      0.  ],
 [    0.  ,    0.  ,   56.96,    0.  ,    0.  ,    0.  ,    0.  ,-2250.4 ,
      0.  ,    0.  ,    0.  ,    0.  ,    0.  ,    0.  ,    0.  ,    0.  ,
      0.  ,    0.  ,    0.  ,    0.  ,    0.  ,    0.  ,    0.  ,    0.  ,
      0.  ],
 [   -0.  ,    0.  ,    0.  ,    0.  ,    0.  ,    0.  ,  632.65,-1583.35,
      0.  ,    0.  ,    0.  ,    0.  ,    0.  ,    0.  ,    0.  ,    0.  ,
      0.  ,    0.  ,    0.  ,    0.  ,    0.  ,    0.  ,    0.  ,  982.92,
      0.  ],
 [   -0.  ,    0.  ,    0.  ,    0.  ,    0.  ,    0.  ,    0.  ,    0.  ,
      0.  ,-1040.06,    0.  ,    0.  ,    0.  ,    0.  ,    0.  ,    0.  ,
      0.  ,    0.  ,    0.  ,    0.  ,    0.  ,    0.  ,    0.  ,    0.  ,
      0.  ],
 [   -0.  ,    0.  ,    0.  ,   68.99,    0.  ,    0.  ,    0.  ,    0.  ,
      0.  ,    0.  ,    0.  ,    0.  ,    0.  ,  222.  ,    0.  ,    0.  ,
      0.  ,    0.  ,    0.  ,    0.  ,    0.  ,    0.  ,  170.95,    0.  ,
      0.  ],
 [    0.26,    0.  ,    0.  ,  -96.74,  114.24,    0.  ,    0.  ,    0.  ,
      0.  ,    0.  ,    0.  ,    0.  ,  176.35,   56.27,    0.  ,    0.  ,
    189.31,  215.3 ,    0.  ,    0.  ,    0.  , -165.83,    0.  ,    0.  ,
      0.  ],
 [   -0.  ,    0.  ,    0.  ,    0.  ,    0.  ,    0.  , -350.18,    0.  ,
      0.  ,    0.  ,    0.  ,    0.  ,    0.  ,   84.11,    0.  ,    0.  ,
      0.  ,    0.  ,    0.  , -982.93,    0.  ,    0.  ,    0.  ,    0.  ,
      0.  ],
 [   -0.  , -384.25,    0.  ,    0.  ,    0.  ,    0.  ,    0.  ,    0.  ,
      0.  ,    0.  ,    0.  ,    0.  ,   37.39,    0.  , -961.01,    0.  ,
      0.  ,    0.  ,    0.  ,    0.  ,    0.  ,    0.  ,    0.  ,    0.  ,
      0.  ]]

      https://hastebin.com/qakiwizuqa.yaml
      python admm_poly_decentralized_market.py test mne lux svn
      2012-02-08-18-00-00 alb aut bel bgr bih che cze deu dnk esp fra grc hrv hun ita lux mkd mne nld pol por rou srb svk svn